08 08 08 08 08 08 08 08 08 08 08 08 08 08 08 08
08 08 08 08 08 08 08 08 08 08 08 08 08 08 08 08
08 08 08 08 08 08 08 08 08 08 08 08 08 08 08 08
08 08 08 08 08 08 08 08 08 08 08 08 08 08 08 08
08 08 08 08 08 08 08 08 08 08 08 08 08 08 08 08
08 08 08 08 08 08 08 08 08 08 05 04 05 05 05 05
05 05 05 05 05 05 05 05 05 05 05 05 04 05 05 05
06 05 05 05 06 05 05 06 05 06 06 06 06 05 06 05
05 05 05 05 05 05 02 04 05 02 06 05 05 05 05 05
05 05 05 06 06 06 05 05 10 10 10 06 10 10 10 02
04 05 06 10 10 06 06 10 10 10 10 10 10 04 04 10
10 10 10 03